5,64,27,59,77,61,20,80	85,77,61,20,34	77,61,20
5,64,27,59,46,80	85,46,34	46
5,64,27,59,88,80	85,88,34	88
5,64,27,59,16,87,79,66,80	85,16,87,79,66,34	16,87,79,66
5,64,27,59,25,90,92,24,80	85,25,90,92,24,34	25,90,92,24
5,64,27,59,71,92,12,42,80	85,71,92,12,42,34	71,92,12,42
5,64,27,59,23,85,80	85,23,85,34	23,85
5,64,27,59,50,80	85,50,34	50
5,64,27,59,49,79,99,80	85,49,79,99,34	49,79,99
5,64,27,59,38,52,79,99,80	85,38,52,79,99,34	38,52,79,99
5,64,27,59,31,80	85,31,34	31
5,64,27,59,26,80	85,26,34	26
5,64,27,59,97,69,40,80	85,97,69,40,34	97,69,40
5,64,27,59,69,79,80	85,69,79,34	69,79
5,64,27,59,57,32,93,80	85,57,32,93,34	57,32,93
5,64,27,59,60,7,27,80	85,60,7,27,34	60,7,27
5,64,27,59,20,80	85,20,34	20
5,64,27,59,26,80	85,26,34	26
5,64,27,59,60,80	85,60,34	60
5,64,27,59,57,22,33,8,80	85,57,22,33,8,34	57,22,33,8
5,64,27,59,7,80	85,7,34	7
5,64,27,59,88,22,42,18,80	85,88,22,42,18,34	88,22,42,18
5,64,27,59,27,18,38,80	85,27,18,38,34	27,18,38
5,64,27,59,75,43,80	85,75,43,34	75,43
5,64,27,59,77,57,80	85,77,57,34	77,57
5,64,27,59,80,78,47,13,80	85,80,78,47,13,34	80,78,47,13
5,64,27,59,76,80	85,76,34	76
5,64,27,59,33,28,80	85,33,28,34	33,28
5,64,27,59,9,29,80	85,9,29,34	9,29
5,64,27,59,24,40,69,80	85,24,40,69,34	24,40,69
5,64,27,59,76,80	85,76,34	76
5,64,27,59,50,53,97,80	85,50,53,97,34	50,53,97
5,64,27,59,43,80	85,43,34	43
5,64,27,59,49,72,19,34,80	85,49,72,19,34,34	49,72,19,34
5,64,27,59,11,15,80	85,11,15,34	11,15
5,64,27,59,46,49,53,54,80	85,46,49,53,54,34	46,49,53,54
5,64,27,59,74,72,80	85,74,72,34	74,72
5,64,27,59,94,71,35,71,80	85,94,71,35,71,34	94,71,35,71
5,64,27,59,57,18,95,80	85,57,18,95,34	57,18,95
5,64,27,59,44,17,80	85,44,17,34	44,17
5,64,27,59,17,23,54,80	85,17,23,54,34	17,23,54
5,64,27,59,74,80	85,74,34	74
5,64,27,59,95,96,69,34,80	85,95,96,69,34,34	95,96,69,34
5,64,27,59,90,37,5,11,80	85,90,37,5,11,34	90,37,5,11
5,64,27,59,26,80	85,26,34	26
5,64,27,59,37,78,59,80	85,37,78,59,34	37,78,59
5,64,27,59,88,77,59,16,80	85,88,77,59,16,34	88,77,59,16
5,64,27,59,99,61,21,50,80	85,99,61,21,50,34	99,61,21,50
5,64,27,59,70,85,3,24,80	85,70,85,3,24,34	70,85,3,24
5,64,27,59,30,42,66,28,80	85,30,42,66,28,34	30,42,66,28
5,64,27,59,37,56,80,88,80	85,37,56,80,88,34	37,56,80,88
5,64,27,59,96,81,80	85,96,81,34	96,81
5,64,27,59,11,76,39,80	85,11,76,39,34	11,76,39
5,64,27,59,51,80	85,51,34	51
5,64,27,59,32,27,80	85,32,27,34	32,27
5,64,27,59,96,29,40,46,80	85,96,29,40,46,34	96,29,40,46
5,64,27,59,27,20,95,23,80	85,27,20,95,23,34	27,20,95,23
5,64,27,59,16,80	85,16,34	16
5,64,27,59,87,80	85,87,34	87
5,64,27,59,32,96,80	85,32,96,34	32,96
5,64,27,59,90,35,80	85,90,35,34	90,35
5,64,27,59,23,51,80	85,23,51,34	23,51
5,64,27,59,64,53,62,98,80	85,64,53,62,98,34	64,53,62,98
5,64,27,59,17,22,32,59,80	85,17,22,32,59,34	17,22,32,59
5,64,27,59,13,80	85,13,34	13
5,64,27,59,76,87,80	85,76,87,34	76,87
5,64,27,59,76,80	85,76,34	76
5,64,27,59,85,37,47,23,80	85,85,37,47,23,34	85,37,47,23
5,64,27,59,59,60,24,80	85,59,60,24,34	59,60,24
5,64,27,59,79,4,75,6,80	85,79,4,75,6,34	79,4,75,6
5,64,27,59,15,50,52,90,80	85,15,50,52,90,34	15,50,52,90
5,64,27,59,27,86,40,58,80	85,27,86,40,58,34	27,86,40,58
5,64,27,59,44,53,80	85,44,53,34	44,53
5,64,27,59,65,77,59,80	85,65,77,59,34	65,77,59
5,64,27,59,3,21,89,55,80	85,3,21,89,55,34	3,21,89,55
5,64,27,59,37,80	85,37,34	37
5,64,27,59,33,57,26,46,80	85,33,57,26,46,34	33,57,26,46
5,64,27,59,95,82,52,80	85,95,82,52,34	95,82,52
5,64,27,59,15,80	85,15,34	15
5,64,27,59,19,13,80	85,19,13,34	19,13
5,64,27,59,75,92,7,54,80	85,75,92,7,54,34	75,92,7,54
5,64,27,59,97,80	85,97,34	97
5,64,27,59,32,90,43,80	85,32,90,43,34	32,90,43
5,64,27,59,34,62,93,87,80	85,34,62,93,87,34	34,62,93,87
5,64,27,59,37,80	85,37,34	37
5,64,27,59,5,80	85,5,34	5
5,64,27,59,99,52,80	85,99,52,34	99,52
5,64,27,59,84,96,80	85,84,96,34	84,96
5,64,27,59,75,73,73,80,80	85,75,73,73,80,34	75,73,73,80
5,64,27,59,87,80	85,87,34	87
5,64,27,59,4,32,41,80	85,4,32,41,34	4,32,41
5,64,27,59,39,41,17,80	85,39,41,17,34	39,41,17
5,64,27,59,93,6,8,22,80	85,93,6,8,22,34	93,6,8,22
5,64,27,59,13,73,95,56,80	85,13,73,95,56,34	13,73,95,56
5,64,27,59,80,80	85,80,34	80
5,64,27,59,32,80	85,32,34	32
5,64,27,59,52,74,80	85,52,74,34	52,74
5,64,27,59,70,80	85,70,34	70
5,64,27,59,53,8,11,32,80	85,53,8,11,32,34	53,8,11,32
5,64,27,59,18,92,47,80	85,18,92,47,34	18,92,47
5,64,27,59,22,75,80	85,22,75,34	22,75
5,64,27,59,8,31,80	85,8,31,34	8,31
5,64,27,59,17,80	85,17,34	17
5,64,27,59,84,58,28,80	85,84,58,28,34	84,58,28
5,64,27,59,26,64,55,48,80	85,26,64,55,48,34	26,64,55,48
5,64,27,59,94,89,38,80	85,94,89,38,34	94,89,38
5,64,27,59,65,80	85,65,34	65
5,64,27,59,96,9,80	85,96,9,34	96,9
5,64,27,59,54,66,39,80	85,54,66,39,34	54,66,39
5,64,27,59,62,62,80	85,62,62,34	62,62
5,64,27,59,47,21,95,80	85,47,21,95,34	47,21,95
5,64,27,59,64,98,78,80	85,64,98,78,34	64,98,78
5,64,27,59,47,57,80	85,47,57,34	47,57
5,64,27,59,94,60,61,80	85,94,60,61,34	94,60,61
5,64,27,59,18,28,80	85,18,28,34	18,28
5,64,27,59,50,14,73,80	85,50,14,73,34	50,14,73
5,64,27,59,83,41,80	85,83,41,34	83,41
5,64,27,59,65,83,21,80	85,65,83,21,34	65,83,21
5,64,27,59,83,79,48,64,80	85,83,79,48,64,34	83,79,48,64
5,64,27,59,32,3,90,80	85,32,3,90,34	32,3,90
5,64,27,59,42,80	85,42,34	42
5,64,27,59,11,46,86,80	85,11,46,86,34	11,46,86
5,64,27,59,83,95,43,80	85,83,95,43,34	83,95,43
5,64,27,59,53,80	85,53,34	53
5,64,27,59,72,18,81,80	85,72,18,81,34	72,18,81
5,64,27,59,91,8,92,80	85,91,8,92,34	91,8,92
5,64,27,59,65,32,34,80	85,65,32,34,34	65,32,34
5,64,27,59,84,94,80	85,84,94,34	84,94
5,64,27,59,73,80	85,73,34	73
5,64,27,59,62,65,6,80	85,62,65,6,34	62,65,6
5,64,27,59,39,91,59,72,80	85,39,91,59,72,34	39,91,59,72
5,64,27,59,88,52,32,49,80	85,88,52,32,49,34	88,52,32,49
5,64,27,59,92,19,77,85,80	85,92,19,77,85,34	92,19,77,85
5,64,27,59,83,7,80	85,83,7,34	83,7
5,64,27,59,52,68,80	85,52,68,34	52,68
5,64,27,59,81,80	85,81,34	81
5,64,27,59,31,9,88,84,80	85,31,9,88,84,34	31,9,88,84
5,64,27,59,59,55,95,35,80	85,59,55,95,35,34	59,55,95,35
5,64,27,59,18,78,42,80	85,18,78,42,34	18,78,42
5,64,27,59,15,37,87,80	85,15,37,87,34	15,37,87
5,64,27,59,6,80	85,6,34	6
5,64,27,59,61,80	85,61,34	61
5,64,27,59,18,13,80	85,18,13,34	18,13
5,64,27,59,77,71,80	85,77,71,34	77,71
5,64,27,59,13,80	85,13,34	13
5,64,27,59,22,57,89,9,80	85,22,57,89,9,34	22,57,89,9
5,64,27,59,78,80	85,78,34	78
5,64,27,59,90,80	85,90,34	90
5,64,27,59,87,80	85,87,34	87
5,64,27,59,89,33,64,97,80	85,89,33,64,97,34	89,33,64,97
5,64,27,59,35,44,80	85,35,44,34	35,44
5,64,27,59,79,90,90,80	85,79,90,90,34	79,90,90
5,64,27,59,89,80	85,89,34	89
5,64,27,59,76,11,39,92,80	85,76,11,39,92,34	76,11,39,92
5,64,27,59,15,11,80	85,15,11,34	15,11
5,64,27,59,75,80	85,75,34	75
5,64,27,59,10,44,3,39,80	85,10,44,3,39,34	10,44,3,39
5,64,27,59,14,73,80	85,14,73,34	14,73
5,64,27,59,19,3,80	85,19,3,34	19,3
5,64,27,59,38,80	85,38,34	38
5,64,27,59,53,97,80	85,53,97,34	53,97
5,64,27,59,21,61,80	85,21,61,34	21,61
5,64,27,59,50,80	85,50,34	50
5,64,27,59,92,15,80	85,92,15,34	92,15
5,64,27,59,37,80	85,37,34	37
5,64,27,59,97,86,10,80	85,97,86,10,34	97,86,10
5,64,27,59,28,6,44,80	85,28,6,44,34	28,6,44
5,64,27,59,85,69,80	85,85,69,34	85,69
5,64,27,59,20,87,80	85,20,87,34	20,87
5,64,27,59,59,80	85,59,34	59
5,64,27,59,77,88,80	85,77,88,34	77,88
5,64,27,59,35,58,97,91,80	85,35,58,97,91,34	35,58,97,91
5,64,27,59,4,80	85,4,34	4
5,64,27,59,30,60,22,69,80	85,30,60,22,69,34	30,60,22,69
5,64,27,59,31,80	85,31,34	31
5,64,27,59,90,31,80	85,90,31,34	90,31
5,64,27,59,41,80	85,41,34	41
5,64,27,59,37,44,80	85,37,44,34	37,44
5,64,27,59,21,80	85,21,34	21
5,64,27,59,98,50,51,80	85,98,50,51,34	98,50,51
5,64,27,59,60,7,95,91,80	85,60,7,95,91,34	60,7,95,91
5,64,27,59,64,80	85,64,34	64
5,64,27,59,74,58,80	85,74,58,34	74,58
5,64,27,59,18,31,62,43,80	85,18,31,62,43,34	18,31,62,43
5,64,27,59,40,60,74,51,80	85,40,60,74,51,34	40,60,74,51
5,64,27,59,89,85,80	85,89,85,34	89,85
5,64,27,59,45,8,69,80	85,45,8,69,34	45,8,69
5,64,27,59,25,33,38,60,80	85,25,33,38,60,34	25,33,38,60
5,64,27,59,10,65,17,58,80	85,10,65,17,58,34	10,65,17,58
5,64,27,59,3,92,3,80	85,3,92,3,34	3,92,3
5,64,27,59,44,80	85,44,34	44
5,64,27,59,56,88,80	85,56,88,34	56,88
5,64,27,59,64,80	85,64,34	64
5,64,27,59,90,38,12,80	85,90,38,12,34	90,38,12
5,64,27,59,64,94,80	85,64,94,34	64,94
5,64,27,59,23,39,12,83,80	85,23,39,12,83,34	23,39,12,83
5,64,27,59,17,5,75,85,80	85,17,5,75,85,34	17,5,75,85
5,64,27,59,96,73,29,15,80	85,96,73,29,15,34	96,73,29,15
5,64,27,59,75,53,58,94,80	85,75,53,58,94,34	75,53,58,94
5,64,27,59,16,80	85,16,34	16
5,64,27,59,34,94,81,17,80	85,34,94,81,17,34	34,94,81,17
5,64,27,59,69,30,20,78,80	85,69,30,20,78,34	69,30,20,78
5,64,27,59,42,58,80	85,42,58,34	42,58
5,64,27,59,55,80	85,55,34	55
5,64,27,59,98,20,77,80	85,98,20,77,34	98,20,77
5,64,27,59,58,80	85,58,34	58
5,64,27,59,17,29,80	85,17,29,34	17,29
5,64,27,59,45,76,30,73,80	85,45,76,30,73,34	45,76,30,73
5,64,27,59,12,11,80	85,12,11,34	12,11
5,64,27,59,74,80	85,74,34	74
5,64,27,59,65,73,3,68,80	85,65,73,3,68,34	65,73,3,68
5,64,27,59,74,14,80	85,74,14,34	74,14
5,64,27,59,43,95,80	85,43,95,34	43,95
5,64,27,59,11,80	85,11,34	11
5,64,27,59,72,59,47,24,80	85,72,59,47,24,34	72,59,47,24
5,64,27,59,10,80	85,10,34	10
5,64,27,59,74,92,80	85,74,92,34	74,92
5,64,27,59,37,85,80	85,37,85,34	37,85
5,64,27,59,44,48,69,26,80	85,44,48,69,26,34	44,48,69,26
5,64,27,59,68,67,90,80	85,68,67,90,34	68,67,90
5,64,27,59,90,46,87,68,80	85,90,46,87,68,34	90,46,87,68
5,64,27,59,87,97,80	85,87,97,34	87,97
5,64,27,59,75,66,98,80	85,75,66,98,34	75,66,98
5,64,27,59,77,41,80	85,77,41,34	77,41
5,64,27,59,78,82,6,80	85,78,82,6,34	78,82,6
5,64,27,59,67,72,13,35,80	85,67,72,13,35,34	67,72,13,35
5,64,27,59,55,80	85,55,34	55
5,64,27,59,54,80	85,54,34	54
5,64,27,59,82,80	85,82,34	82
5,64,27,59,91,58,74,93,80	85,91,58,74,93,34	91,58,74,93
5,64,27,59,64,80	85,64,34	64
5,64,27,59,40,70,80	85,40,70,34	40,70
5,64,27,59,92,5,85,80	85,92,5,85,34	92,5,85
5,64,27,59,55,28,80	85,55,28,34	55,28
5,64,27,59,61,15,31,87,80	85,61,15,31,87,34	61,15,31,87
5,64,27,59,9,26,80	85,9,26,34	9,26
5,64,27,59,88,50,69,80	85,88,50,69,34	88,50,69
5,64,27,59,41,32,96,80	85,41,32,96,34	41,32,96
5,64,27,59,49,80	85,49,34	49
5,64,27,59,34,30,24,80	85,34,30,24,34	34,30,24
5,64,27,59,31,35,80	85,31,35,34	31,35
5,64,27,59,79,80	85,79,34	79
5,64,27,59,66,80	85,66,34	66
5,64,27,59,66,82,17,80	85,66,82,17,34	66,82,17
5,64,27,59,40,80	85,40,34	40
5,64,27,59,34,80	85,34,34	34
5,64,27,59,93,42,28,80	85,93,42,28,34	93,42,28
5,64,27,59,47,89,80	85,47,89,34	47,89
5,64,27,59,82,89,80	85,82,89,34	82,89
5,64,27,59,92,80	85,92,34	92
5,64,27,59,78,47,6,80	85,78,47,6,34	78,47,6
5,64,27,59,54,93,10,73,80	85,54,93,10,73,34	54,93,10,73
5,64,27,59,47,65,80	85,47,65,34	47,65
5,64,27,59,59,7,80	85,59,7,34	59,7
5,64,27,59,95,39,68,80	85,95,39,68,34	95,39,68
5,64,27,59,21,23,18,57,80	85,21,23,18,57,34	21,23,18,57
5,64,27,59,63,86,88,26,80	85,63,86,88,26,34	63,86,88,26
5,64,27,59,33,72,81,93,80	85,33,72,81,93,34	33,72,81,93
5,64,27,59,67,11,14,80	85,67,11,14,34	67,11,14
5,64,27,59,56,80	85,56,34	56
5,64,27,59,82,97,80	85,82,97,34	82,97
5,64,27,59,6,12,40,80	85,6,12,40,34	6,12,40
5,64,27,59,4,57,71,19,80	85,4,57,71,19,34	4,57,71,19
5,64,27,59,31,71,80	85,31,71,34	31,71
5,64,27,59,7,54,27,82,80	85,7,54,27,82,34	7,54,27,82
5,64,27,59,36,30,80	85,36,30,34	36,30
5,64,27,59,44,13,80	85,44,13,34	44,13
5,64,27,59,15,12,30,6,80	85,15,12,30,6,34	15,12,30,6
5,64,27,59,17,84,87,88,80	85,17,84,87,88,34	17,84,87,88
5,64,27,59,63,80	85,63,34	63
5,64,27,59,93,80	85,93,34	93
5,64,27,59,4,80	85,4,34	4
5,64,27,59,40,80	85,40,34	40
5,64,27,59,45,7,41,25,80	85,45,7,41,25,34	45,7,41,25
5,64,27,59,27,80	85,27,34	27
5,64,27,59,47,24,80	85,47,24,34	47,24
5,64,27,59,94,91,80	85,94,91,34	94,91
5,64,27,59,30,48,34,74,80	85,30,48,34,74,34	30,48,34,74
5,64,27,59,16,37,92,16,80	85,16,37,92,16,34	16,37,92,16
5,64,27,59,28,82,80	85,28,82,34	28,82
5,64,27,59,27,77,80	85,27,77,34	27,77
5,64,27,59,84,36,80	85,84,36,34	84,36
5,64,27,59,80,3,83,57,80	85,80,3,83,57,34	80,3,83,57
5,64,27,59,9,82,80	85,9,82,34	9,82
5,64,27,59,61,61,80	85,61,61,34	61,61
5,64,27,59,30,95,93,21,80	85,30,95,93,21,34	30,95,93,21
5,64,27,59,3,78,31,80	85,3,78,31,34	3,78,31
5,64,27,59,7,25,80	85,7,25,34	7,25
5,64,27,59,61,80	85,61,34	61
5,64,27,59,28,61,80	85,28,61,34	28,61
5,64,27,59,12,39,18,80	85,12,39,18,34	12,39,18
5,64,27,59,67,80	85,67,34	67
5,64,27,59,42,76,47,98,80	85,42,76,47,98,34	42,76,47,98
5,64,27,59,73,80	85,73,34	73
5,64,27,59,67,41,87,80	85,67,41,87,34	67,41,87
5,64,27,59,35,20,97,79,80	85,35,20,97,79,34	35,20,97,79
5,64,27,59,63,27,26,80	85,63,27,26,34	63,27,26
5,64,27,59,81,95,80	85,81,95,34	81,95
5,64,27,59,92,15,8,80	85,92,15,8,34	92,15,8
5,64,27,59,84,80	85,84,34	84
5,64,27,59,4,11,28,80	85,4,11,28,34	4,11,28
5,64,27,59,73,80	85,73,34	73
5,64,27,59,90,26,21,80	85,90,26,21,34	90,26,21
5,64,27,59,72,80	85,72,34	72
5,64,27,59,22,41,45,75,80	85,22,41,45,75,34	22,41,45,75
5,64,27,59,17,22,19,94,80	85,17,22,19,94,34	17,22,19,94
5,64,27,59,68,43,91,80	85,68,43,91,34	68,43,91
5,64,27,59,99,34,40,80	85,99,34,40,34	99,34,40
5,64,27,59,56,80,46,13,80	85,56,80,46,13,34	56,80,46,13
5,64,27,59,76,71,80	85,76,71,34	76,71
5,64,27,59,68,80	85,68,34	68
5,64,27,59,9,51,80	85,9,51,34	9,51
5,64,27,59,36,51,48,80	85,36,51,48,34	36,51,48
5,64,27,59,56,89,52,49,80	85,56,89,52,49,34	56,89,52,49
5,64,27,59,50,47,80	85,50,47,34	50,47
5,64,27,59,73,56,80	85,73,56,34	73,56
5,64,27,59,92,49,47,80	85,92,49,47,34	92,49,47
5,64,27,59,53,80	85,53,34	53
5,64,27,59,47,96,80	85,47,96,34	47,96
5,64,27,59,88,80,27,80	85,88,80,27,34	88,80,27
5,64,27,59,57,80	85,57,34	57
5,64,27,59,80,49,80	85,80,49,34	80,49
5,64,27,59,36,80	85,36,34	36
5,64,27,59,10,49,36,66,80	85,10,49,36,66,34	10,49,36,66
5,64,27,59,76,9,68,48,80	85,76,9,68,48,34	76,9,68,48
5,64,27,59,82,86,80	85,82,86,34	82,86
5,64,27,59,62,73,66,80	85,62,73,66,34	62,73,66
5,64,27,59,50,89,75,80	85,50,89,75,34	50,89,75
5,64,27,59,84,80	85,84,34	84
5,64,27,59,90,80	85,90,34	90
5,64,27,59,48,80	85,48,34	48
5,64,27,59,59,65,35,80	85,59,65,35,34	59,65,35
5,64,27,59,53,80	85,53,34	53
5,64,27,59,65,96,67,7,80	85,65,96,67,7,34	65,96,67,7
5,64,27,59,37,80	85,37,34	37
5,64,27,59,71,88,99,80	85,71,88,99,34	71,88,99
5,64,27,59,85,85,42,80	85,85,85,42,34	85,85,42
5,64,27,59,81,19,46,80	85,81,19,46,34	81,19,46
5,64,27,59,17,80	85,17,34	17
5,64,27,59,79,97,37,89,80	85,79,97,37,89,34	79,97,37,89
5,64,27,59,43,22,80	85,43,22,34	43,22
5,64,27,59,13,80	85,13,34	13
5,64,27,59,66,80	85,66,34	66
5,64,27,59,16,93,80	85,16,93,34	16,93
5,64,27,59,81,62,33,80	85,81,62,33,34	81,62,33
5,64,27,59,84,80	85,84,34	84
5,64,27,59,70,80	85,70,34	70
5,64,27,59,85,80	85,85,34	85
5,64,27,59,22,81,80	85,22,81,34	22,81
5,64,27,59,77,77,62,80	85,77,77,62,34	77,77,62
5,64,27,59,58,95,80	85,58,95,34	58,95
5,64,27,59,25,12,80	85,25,12,34	25,12
5,64,27,59,6,46,82,54,80	85,6,46,82,54,34	6,46,82,54
5,64,27,59,63,4,80	85,63,4,34	63,4
5,64,27,59,40,80	85,40,34	40
5,64,27,59,69,75,98,77,80	85,69,75,98,77,34	69,75,98,77
5,64,27,59,96,10,75,30,80	85,96,10,75,30,34	96,10,75,30
5,64,27,59,26,56,78,80	85,26,56,78,34	26,56,78
5,64,27,59,19,30,80	85,19,30,34	19,30
5,64,27,59,68,80	85,68,34	68
5,64,27,59,89,21,89,80	85,89,21,89,34	89,21,89
5,64,27,59,66,10,80	85,66,10,34	66,10
5,64,27,59,10,97,22,80	85,10,97,22,34	10,97,22
5,64,27,59,93,61,23,80	85,93,61,23,34	93,61,23
5,64,27,59,36,52,6,88,80	85,36,52,6,88,34	36,52,6,88
5,64,27,59,86,62,80	85,86,62,34	86,62
5,64,27,59,27,80	85,27,34	27
5,64,27,59,98,80	85,98,34	98
5,64,27,59,14,75,78,80	85,14,75,78,34	14,75,78
5,64,27,59,18,38,19,37,80	85,18,38,19,37,34	18,38,19,37
5,64,27,59,3,73,80	85,3,73,34	3,73
5,64,27,59,50,45,80	85,50,45,34	50,45
5,64,27,59,66,64,26,80	85,66,64,26,34	66,64,26
5,64,27,59,45,30,35,80	85,45,30,35,34	45,30,35
5,64,27,59,88,53,33,45,80	85,88,53,33,45,34	88,53,33,45
5,64,27,59,33,80	85,33,34	33
5,64,27,59,70,83,11,84,80	85,70,83,11,84,34	70,83,11,84
5,64,27,59,55,97,78,80	85,55,97,78,34	55,97,78
5,64,27,59,41,54,74,80	85,41,54,74,34	41,54,74
5,64,27,59,7,21,46,56,80	85,7,21,46,56,34	7,21,46,56
5,64,27,59,62,96,80	85,62,96,34	62,96
5,64,27,59,39,14,21,4,80	85,39,14,21,4,34	39,14,21,4
5,64,27,59,74,52,80	85,74,52,34	74,52
5,64,27,59,75,80	85,75,34	75
5,64,27,59,3,80	85,3,34	3
5,64,27,59,30,90,46,80	85,30,90,46,34	30,90,46
5,64,27,59,98,66,31,21,80	85,98,66,31,21,34	98,66,31,21
5,64,27,59,59,87,80	85,59,87,34	59,87
5,64,27,59,72,10,80	85,72,10,34	72,10
5,64,27,59,95,86,33,80	85,95,86,33,34	95,86,33
5,64,27,59,38,35,76,47,80	85,38,35,76,47,34	38,35,76,47
5,64,27,59,82,10,80	85,82,10,34	82,10
5,64,27,59,32,85,84,80	85,32,85,84,34	32,85,84
5,64,27,59,21,80	85,21,34	21
5,64,27,59,85,80	85,85,34	85
5,64,27,59,56,25,61,94,80	85,56,25,61,94,34	56,25,61,94
5,64,27,59,65,88,88,80	85,65,88,88,34	65,88,88
5,64,27,59,53,45,75,67,80	85,53,45,75,67,34	53,45,75,67
5,64,27,59,57,72,8,80	85,57,72,8,34	57,72,8
5,64,27,59,46,23,89,80	85,46,23,89,34	46,23,89
5,64,27,59,60,80	85,60,34	60
5,64,27,59,32,80	85,32,34	32
5,64,27,59,97,84,85,80	85,97,84,85,34	97,84,85
5,64,27,59,15,80	85,15,34	15
5,64,27,59,89,35,54,83,80	85,89,35,54,83,34	89,35,54,83
5,64,27,59,29,62,80	85,29,62,34	29,62
5,64,27,59,21,16,80	85,21,16,34	21,16
5,64,27,59,96,80	85,96,34	96
5,64,27,59,86,25,22,61,80	85,86,25,22,61,34	86,25,22,61
5,64,27,59,81,80	85,81,34	81
5,64,27,59,70,80	85,70,34	70
5,64,27,59,86,56,72,80	85,86,56,72,34	86,56,72
5,64,27,59,35,96,27,80	85,35,96,27,34	35,96,27
5,64,27,59,19,60,80	85,19,60,34	19,60
5,64,27,59,89,75,80	85,89,75,34	89,75
5,64,27,59,15,79,80	85,15,79,34	15,79
5,64,27,59,83,71,80	85,83,71,34	83,71
5,64,27,59,68,25,52,7,80	85,68,25,52,7,34	68,25,52,7
5,64,27,59,19,8,62,59,80	85,19,8,62,59,34	19,8,62,59
5,64,27,59,36,80	85,36,34	36
5,64,27,59,48,79,19,68,80	85,48,79,19,68,34	48,79,19,68
5,64,27,59,47,80	85,47,34	47
5,64,27,59,83,43,80	85,83,43,34	83,43
5,64,27,59,71,34,80	85,71,34,34	71,34
5,64,27,59,22,91,80	85,22,91,34	22,91
5,64,27,59,75,18,80	85,75,18,34	75,18
5,64,27,59,59,80	85,59,34	59
5,64,27,59,91,80	85,91,34	91
5,64,27,59,56,78,13,80	85,56,78,13,34	56,78,13
5,64,27,59,71,80	85,71,34	71
5,64,27,59,94,80	85,94,34	94
5,64,27,59,26,64,34,80	85,26,64,34,34	26,64,34
5,64,27,59,60,6,80	85,60,6,34	60,6
5,64,27,59,62,97,80	85,62,97,34	62,97
5,64,27,59,76,80	85,76,34	76
5,64,27,59,55,34,59,78,80	85,55,34,59,78,34	55,34,59,78
5,64,27,59,28,64,80	85,28,64,34	28,64
5,64,27,59,66,17,63,7,80	85,66,17,63,7,34	66,17,63,7
5,64,27,59,65,80	85,65,34	65
5,64,27,59,6,76,80	85,6,76,34	6,76
5,64,27,59,18,78,68,80	85,18,78,68,34	18,78,68
5,64,27,59,33,35,55,28,80	85,33,35,55,28,34	33,35,55,28
5,64,27,59,87,80	85,87,34	87
5,64,27,59,36,80	85,36,34	36
5,64,27,59,12,29,99,80	85,12,29,99,34	12,29,99
5,64,27,59,26,22,15,79,80	85,26,22,15,79,34	26,22,15,79
5,64,27,59,5,38,6,15,80	85,5,38,6,15,34	5,38,6,15
5,64,27,59,51,80	85,51,34	51
5,64,27,59,97,25,12,46,80	85,97,25,12,46,34	97,25,12,46
5,64,27,59,4,80	85,4,34	4
5,64,27,59,51,98,80	85,51,98,34	51,98
5,64,27,59,86,97,44,52,80	85,86,97,44,52,34	86,97,44,52
5,64,27,59,7,7,84,27,80	85,7,7,84,27,34	7,7,84,27
5,64,27,59,86,71,19,40,80	85,86,71,19,40,34	86,71,19,40
5,64,27,59,75,66,73,70,80	85,75,66,73,70,34	75,66,73,70
5,64,27,59,23,97,80	85,23,97,34	23,97
5,64,27,59,81,78,96,80	85,81,78,96,34	81,78,96
5,64,27,59,7,80	85,7,34	7
5,64,27,59,66,61,80	85,66,61,34	66,61
5,64,27,59,97,82,80	85,97,82,34	97,82
5,64,27,59,83,92,70,80	85,83,92,70,34	83,92,70
5,64,27,59,20,42,36,80	85,20,42,36,34	20,42,36
5,64,27,59,33,82,75,53,80	85,33,82,75,53,34	33,82,75,53
5,64,27,59,93,45,9,33,80	85,93,45,9,33,34	93,45,9,33
5,64,27,59,67,60,23,80	85,67,60,23,34	67,60,23
5,64,27,59,20,57,80	85,20,57,34	20,57
5,64,27,59,42,80	85,42,34	42
5,64,27,59,77,19,79,71,80	85,77,19,79,71,34	77,19,79,71
5,64,27,59,13,13,80	85,13,13,34	13,13
5,64,27,59,64,80	85,64,34	64
5,64,27,59,45,71,61,29,80	85,45,71,61,29,34	45,71,61,29
5,64,27,59,27,69,56,65,80	85,27,69,56,65,34	27,69,56,65
5,64,27,59,67,8,80	85,67,8,34	67,8
5,64,27,59,6,92,13,81,80	85,6,92,13,81,34	6,92,13,81
5,64,27,59,53,5,80	85,53,5,34	53,5
5,64,27,59,40,20,65,80	85,40,20,65,34	40,20,65
5,64,27,59,49,29,4,92,80	85,49,29,4,92,34	49,29,4,92
5,64,27,59,98,80,80	85,98,80,34	98,80
5,64,27,59,66,92,64,99,80	85,66,92,64,99,34	66,92,64,99
5,64,27,59,13,80	85,13,34	13
5,64,27,59,53,39,12,80	85,53,39,12,34	53,39,12
5,64,27,59,48,80	85,48,34	48
5,64,27,59,76,47,80	85,76,47,34	76,47
5,64,27,59,44,56,88,7,80	85,44,56,88,7,34	44,56,88,7
5,64,27,59,6,69,80	85,6,69,34	6,69
5,64,27,59,57,46,80	85,57,46,34	57,46
5,64,27,59,22,80	85,22,34	22
5,64,27,59,26,89,80	85,26,89,34	26,89
5,64,27,59,41,80	85,41,34	41
5,64,27,59,86,80	85,86,34	86
5,64,27,59,83,72,47,80	85,83,72,47,34	83,72,47
5,64,27,59,70,71,61,80	85,70,71,61,34	70,71,61
5,64,27,59,60,87,66,46,80	85,60,87,66,46,34	60,87,66,46
5,64,27,59,93,3,80	85,93,3,34	93,3
5,64,27,59,41,35,35,80	85,41,35,35,34	41,35,35
5,64,27,59,19,85,80	85,19,85,34	19,85
5,64,27,59,91,80	85,91,34	91
5,64,27,59,74,58,80	85,74,58,34	74,58
5,64,27,59,16,20,8,80	85,16,20,8,34	16,20,8
5,64,27,59,75,80	85,75,34	75
5,64,27,59,65,37,18,57,80	85,65,37,18,57,34	65,37,18,57
5,64,27,59,57,24,61,68,80	85,57,24,61,68,34	57,24,61,68
5,64,27,59,21,80	85,21,34	21
5,64,27,59,7,26,82,80	85,7,26,82,34	7,26,82
5,64,27,59,62,68,99,95,80	85,62,68,99,95,34	62,68,99,95
5,64,27,59,83,95,80	85,83,95,34	83,95
5,64,27,59,96,88,7,86,80	85,96,88,7,86,34	96,88,7,86
5,64,27,59,43,9,11,80	85,43,9,11,34	43,9,11
5,64,27,59,53,80	85,53,34	53
5,64,27,59,14,63,65,22,80	85,14,63,65,22,34	14,63,65,22
5,64,27,59,69,81,80	85,69,81,34	69,81
5,64,27,59,97,80	85,97,34	97
5,64,27,59,32,9,22,41,80	85,32,9,22,41,34	32,9,22,41
5,64,27,59,50,53,23,23,80	85,50,53,23,23,34	50,53,23,23
5,64,27,59,91,69,80	85,91,69,34	91,69
5,64,27,59,24,57,4,80	85,24,57,4,34	24,57,4
5,64,27,59,64,12,89,80	85,64,12,89,34	64,12,89
5,64,27,59,75,48,23,80	85,75,48,23,34	75,48,23
5,64,27,59,88,72,80	85,88,72,34	88,72
5,64,27,59,5,80	85,5,34	5
5,64,27,59,22,80	85,22,34	22
5,64,27,59,71,33,13,80	85,71,33,13,34	71,33,13
5,64,27,59,94,23,94,78,80	85,94,23,94,78,34	94,23,94,78
5,64,27,59,81,46,88,75,80	85,81,46,88,75,34	81,46,88,75
5,64,27,59,69,80	85,69,34	69
5,64,27,59,50,86,80	85,50,86,34	50,86
5,64,27,59,52,84,55,27,80	85,52,84,55,27,34	52,84,55,27
5,64,27,59,95,74,80	85,95,74,34	95,74
5,64,27,59,71,80	85,71,34	71
5,64,27,59,30,71,77,49,80	85,30,71,77,49,34	30,71,77,49
5,64,27,59,85,76,80	85,85,76,34	85,76
5,64,27,59,54,6,54,80	85,54,6,54,34	54,6,54
5,64,27,59,9,53,80	85,9,53,34	9,53
5,64,27,59,51,52,11,41,80	85,51,52,11,41,34	51,52,11,41
5,64,27,59,33,29,80	85,33,29,34	33,29
5,64,27,59,54,3,57,93,80	85,54,3,57,93,34	54,3,57,93
5,64,27,59,87,80	85,87,34	87
5,64,27,59,22,48,80	85,22,48,34	22,48
5,64,27,59,92,36,60,80	85,92,36,60,34	92,36,60
5,64,27,59,36,14,49,80	85,36,14,49,34	36,14,49
5,64,27,59,87,80	85,87,34	87
5,64,27,59,75,48,80	85,75,48,34	75,48
5,64,27,59,85,80	85,85,34	85
5,64,27,59,57,80	85,57,34	57
5,64,27,59,82,30,93,80	85,82,30,93,34	82,30,93
5,64,27,59,46,23,60,13,80	85,46,23,60,13,34	46,23,60,13
5,64,27,59,58,47,80	85,58,47,34	58,47
5,64,27,59,38,72,8,80	85,38,72,8,34	38,72,8
5,64,27,59,41,33,46,95,80	85,41,33,46,95,34	41,33,46,95
5,64,27,59,53,95,9,80	85,53,95,9,34	53,95,9
5,64,27,59,21,19,27,80	85,21,19,27,34	21,19,27
5,64,27,59,43,21,45,80	85,43,21,45,34	43,21,45
5,64,27,59,50,53,42,31,80	85,50,53,42,31,34	50,53,42,31
5,64,27,59,70,22,80	85,70,22,34	70,22
5,64,27,59,59,70,48,15,80	85,59,70,48,15,34	59,70,48,15
5,64,27,59,79,80	85,79,34	79
5,64,27,59,37,22,78,80	85,37,22,78,34	37,22,78
5,64,27,59,70,50,11,34,80	85,70,50,11,34,34	70,50,11,34
5,64,27,59,57,48,19,73,80	85,57,48,19,73,34	57,48,19,73
5,64,27,59,38,80	85,38,34	38
5,64,27,59,53,27,80	85,53,27,34	53,27
5,64,27,59,21,29,80	85,21,29,34	21,29
5,64,27,59,59,80	85,59,34	59
5,64,27,59,3,80	85,3,34	3
5,64,27,59,57,45,81,46,80	85,57,45,81,46,34	57,45,81,46
5,64,27,59,6,25,69,3,80	85,6,25,69,3,34	6,25,69,3
5,64,27,59,89,92,36,80	85,89,92,36,34	89,92,36
5,64,27,59,18,80	85,18,34	18
5,64,27,59,10,11,26,80	85,10,11,26,34	10,11,26
5,64,27,59,97,88,20,80	85,97,88,20,34	97,88,20
5,64,27,59,73,7,80	85,73,7,34	73,7
5,64,27,59,48,92,69,41,80	85,48,92,69,41,34	48,92,69,41
5,64,27,59,5,58,80	85,5,58,34	5,58
5,64,27,59,61,7,9,80	85,61,7,9,34	61,7,9
5,64,27,59,43,4,80	85,43,4,34	43,4
5,64,27,59,48,67,74,14,80	85,48,67,74,14,34	48,67,74,14
5,64,27,59,93,41,65,36,80	85,93,41,65,36,34	93,41,65,36
5,64,27,59,42,65,23,80	85,42,65,23,34	42,65,23
5,64,27,59,94,23,80	85,94,23,34	94,23
5,64,27,59,21,80	85,21,34	21
5,64,27,59,86,98,80	85,86,98,34	86,98
5,64,27,59,40,19,82,68,80	85,40,19,82,68,34	40,19,82,68
5,64,27,59,61,95,3,89,80	85,61,95,3,89,34	61,95,3,89
5,64,27,59,68,51,66,80	85,68,51,66,34	68,51,66
5,64,27,59,25,90,60,18,80	85,25,90,60,18,34	25,90,60,18
5,64,27,59,18,16,80	85,18,16,34	18,16
5,64,27,59,49,61,31,80	85,49,61,31,34	49,61,31
5,64,27,59,63,34,5,80	85,63,34,5,34	63,34,5
5,64,27,59,99,93,40,53,80	85,99,93,40,53,34	99,93,40,53
5,64,27,59,17,59,95,75,80	85,17,59,95,75,34	17,59,95,75
5,64,27,59,36,83,75,42,80	85,36,83,75,42,34	36,83,75,42
5,64,27,59,34,61,23,80	85,34,61,23,34	34,61,23
5,64,27,59,40,6,75,11,80	85,40,6,75,11,34	40,6,75,11
5,64,27,59,78,80	85,78,34	78
5,64,27,59,38,28,27,80	85,38,28,27,34	38,28,27
5,64,27,59,47,14,80	85,47,14,34	47,14
5,64,27,59,60,80	85,60,34	60
5,64,27,59,75,25,56,80	85,75,25,56,34	75,25,56
5,64,27,59,34,79,20,80	85,34,79,20,34	34,79,20
5,64,27,59,14,51,64,80	85,14,51,64,34	14,51,64
5,64,27,59,3,80	85,3,34	3
5,64,27,59,6,80	85,6,34	6
5,64,27,59,60,43,70,80	85,60,43,70,34	60,43,70
5,64,27,59,82,94,80	85,82,94,34	82,94
5,64,27,59,35,75,79,79,80	85,35,75,79,79,34	35,75,79,79
5,64,27,59,50,33,80	85,50,33,34	50,33
5,64,27,59,19,59,80	85,19,59,34	19,59
5,64,27,59,78,28,39,77,80	85,78,28,39,77,34	78,28,39,77
5,64,27,59,4,66,37,3,80	85,4,66,37,3,34	4,66,37,3
5,64,27,59,48,67,90,80	85,48,67,90,34	48,67,90
5,64,27,59,62,80	85,62,34	62
5,64,27,59,58,59,20,9,80	85,58,59,20,9,34	58,59,20,9
5,64,27,59,16,80	85,16,34	16
5,64,27,59,63,80	85,63,34	63
5,64,27,59,33,16,95,80	85,33,16,95,34	33,16,95
5,64,27,59,60,80	85,60,34	60
5,64,27,59,91,80	85,91,34	91
5,64,27,59,52,46,80	85,52,46,34	52,46
5,64,27,59,12,46,97,80	85,12,46,97,34	12,46,97
5,64,27,59,25,80	85,25,34	25
5,64,27,59,33,39,89,74,80	85,33,39,89,74,34	33,39,89,74
5,64,27,59,75,83,30,24,80	85,75,83,30,24,34	75,83,30,24
5,64,27,59,94,80	85,94,34	94
5,64,27,59,29,44,26,12,80	85,29,44,26,12,34	29,44,26,12
5,64,27,59,25,80	85,25,34	25
5,64,27,59,18,25,6,80	85,18,25,6,34	18,25,6
5,64,27,59,21,80	85,21,34	21
5,64,27,59,42,80	85,42,34	42
5,64,27,59,19,80	85,19,34	19
5,64,27,59,50,80	85,50,34	50
5,64,27,59,6,12,11,84,80	85,6,12,11,84,34	6,12,11,84
5,64,27,59,6,16,80	85,6,16,34	6,16
5,64,27,59,11,77,80	85,11,77,34	11,77
5,64,27,59,24,36,34,80	85,24,36,34,34	24,36,34
5,64,27,59,59,80	85,59,34	59
5,64,27,59,28,81,80	85,28,81,34	28,81
5,64,27,59,67,44,80	85,67,44,34	67,44
5,64,27,59,80,80	85,80,34	80
5,64,27,59,18,80	85,18,34	18
5,64,27,59,30,74,80	85,30,74,34	30,74
5,64,27,59,85,70,68,80	85,85,70,68,34	85,70,68
5,64,27,59,55,80	85,55,34	55
5,64,27,59,91,45,38,41,80	85,91,45,38,41,34	91,45,38,41
5,64,27,59,21,87,7,17,80	85,21,87,7,17,34	21,87,7,17
5,64,27,59,66,51,74,57,80	85,66,51,74,57,34	66,51,74,57
5,64,27,59,45,80	85,45,34	45
5,64,27,59,64,72,80	85,64,72,34	64,72
5,64,27,59,83,50,30,88,80	85,83,50,30,88,34	83,50,30,88
5,64,27,59,49,72,80	85,49,72,34	49,72
5,64,27,59,54,80	85,54,34	54
5,64,27,59,50,91,80	85,50,91,34	50,91
5,64,27,59,96,15,80	85,96,15,34	96,15
5,64,27,59,71,4,80	85,71,4,34	71,4
5,64,27,59,70,80	85,70,34	70
5,64,27,59,95,80	85,95,34	95
5,64,27,59,22,88,55,23,80	85,22,88,55,23,34	22,88,55,23
5,64,27,59,39,80	85,39,34	39
5,64,27,59,78,32,80	85,78,32,34	78,32
5,64,27,59,77,81,72,13,80	85,77,81,72,13,34	77,81,72,13
5,64,27,59,14,40,99,80	85,14,40,99,34	14,40,99
5,64,27,59,50,80,29,24,80	85,50,80,29,24,34	50,80,29,24
5,64,27,59,22,80	85,22,34	22
5,64,27,59,95,80	85,95,34	95
5,64,27,59,47,72,14,84,80	85,47,72,14,84,34	47,72,14,84
5,64,27,59,68,80	85,68,34	68
5,64,27,59,10,17,80	85,10,17,34	10,17
5,64,27,59,41,4,21,36,80	85,41,4,21,36,34	41,4,21,36
5,64,27,59,98,80	85,98,34	98
5,64,27,59,54,50,68,80	85,54,50,68,34	54,50,68
5,64,27,59,32,76,80	85,32,76,34	32,76
5,64,27,59,63,98,51,87,80	85,63,98,51,87,34	63,98,51,87
5,64,27,59,57,80	85,57,34	57
5,64,27,59,86,89,80	85,86,89,34	86,89
5,64,27,59,45,61,44,80	85,45,61,44,34	45,61,44
5,64,27,59,29,70,9,80	85,29,70,9,34	29,70,9
5,64,27,59,53,98,80	85,53,98,34	53,98
5,64,27,59,27,22,5,80	85,27,22,5,34	27,22,5
5,64,27,59,94,18,80	85,94,18,34	94,18
5,64,27,59,5,80	85,5,34	5
5,64,27,59,21,15,54,80	85,21,15,54,34	21,15,54
5,64,27,59,32,6,4,80	85,32,6,4,34	32,6,4
5,64,27,59,25,31,80	85,25,31,34	25,31
5,64,27,59,48,80	85,48,34	48
5,64,27,59,39,22,16,19,80	85,39,22,16,19,34	39,22,16,19
5,64,27,59,31,54,17,94,80	85,31,54,17,94,34	31,54,17,94
5,64,27,59,43,80	85,43,34	43
5,64,27,59,40,80,80	85,40,80,34	40,80
5,64,27,59,52,40,11,80	85,52,40,11,34	52,40,11
5,64,27,59,15,99,80	85,15,99,34	15,99
5,64,27,59,62,28,80	85,62,28,34	62,28
5,64,27,59,35,10,80	85,35,10,34	35,10
5,64,27,59,32,81,80	85,32,81,34	32,81
5,64,27,59,9,80	85,9,34	9
5,64,27,59,44,80	85,44,34	44
5,64,27,59,69,62,61,42,80	85,69,62,61,42,34	69,62,61,42
5,64,27,59,89,18,96,96,80	85,89,18,96,96,34	89,18,96,96
5,64,27,59,44,44,67,94,80	85,44,44,67,94,34	44,44,67,94
5,64,27,59,18,80	85,18,34	18
5,64,27,59,80,80	85,80,34	80
5,64,27,59,87,80	85,87,34	87
5,64,27,59,76,40,55,80	85,76,40,55,34	76,40,55
5,64,27,59,18,46,80	85,18,46,34	18,46
5,64,27,59,20,7,80	85,20,7,34	20,7
5,64,27,59,72,80	85,72,34	72
5,64,27,59,82,50,80	85,82,50,34	82,50
5,64,27,59,34,99,45,80	85,34,99,45,34	34,99,45
5,64,27,59,50,7,80	85,50,7,34	50,7
5,64,27,59,58,57,88,30,80	85,58,57,88,30,34	58,57,88,30
5,64,27,59,88,80	85,88,34	88
5,64,27,59,34,45,66,80	85,34,45,66,34	34,45,66
5,64,27,59,7,12,80	85,7,12,34	7,12
5,64,27,59,4,30,77,40,80	85,4,30,77,40,34	4,30,77,40
5,64,27,59,16,80	85,16,34	16
5,64,27,59,20,78,72,80	85,20,78,72,34	20,78,72
5,64,27,59,5,24,76,41,80	85,5,24,76,41,34	5,24,76,41
5,64,27,59,74,80	85,74,34	74
5,64,27,59,92,51,47,37,80	85,92,51,47,37,34	92,51,47,37
5,64,27,59,7,53,23,80	85,7,53,23,34	7,53,23
5,64,27,59,99,80	85,99,34	99
5,64,27,59,45,80	85,45,34	45
5,64,27,59,81,80	85,81,34	81
5,64,27,59,7,80	85,7,34	7
5,64,27,59,34,50,79,42,80	85,34,50,79,42,34	34,50,79,42
5,64,27,59,35,80	85,35,34	35
5,64,27,59,67,69,57,80	85,67,69,57,34	67,69,57
5,64,27,59,12,30,80	85,12,30,34	12,30
5,64,27,59,46,65,67,65,80	85,46,65,67,65,34	46,65,67,65
5,64,27,59,33,64,80	85,33,64,34	33,64
5,64,27,59,4,11,76,54,80	85,4,11,76,54,34	4,11,76,54
5,64,27,59,53,93,13,19,80	85,53,93,13,19,34	53,93,13,19
5,64,27,59,74,94,80	85,74,94,34	74,94
5,64,27,59,92,38,53,80	85,92,38,53,34	92,38,53
5,64,27,59,40,66,97,80	85,40,66,97,34	40,66,97
5,64,27,59,18,29,98,80	85,18,29,98,34	18,29,98
5,64,27,59,62,80	85,62,34	62
5,64,27,59,55,99,15,25,80	85,55,99,15,25,34	55,99,15,25
5,64,27,59,74,49,61,30,80	85,74,49,61,30,34	74,49,61,30
5,64,27,59,38,19,62,12,80	85,38,19,62,12,34	38,19,62,12
5,64,27,59,27,28,92,80	85,27,28,92,34	27,28,92
5,64,27,59,33,77,83,80	85,33,77,83,34	33,77,83
5,64,27,59,57,80	85,57,34	57
5,64,27,59,92,80	85,92,34	92
5,64,27,59,50,53,27,80	85,50,53,27,34	50,53,27
5,64,27,59,36,45,97,51,80	85,36,45,97,51,34	36,45,97,51
5,64,27,59,65,80	85,65,34	65
5,64,27,59,67,60,50,8,80	85,67,60,50,8,34	67,60,50,8
5,64,27,59,79,98,80	85,79,98,34	79,98
5,64,27,59,25,90,86,96,80	85,25,90,86,96,34	25,90,86,96
5,64,27,59,78,13,80	85,78,13,34	78,13
5,64,27,59,68,15,80	85,68,15,34	68,15
5,64,27,59,77,80	85,77,34	77
5,64,27,59,57,98,80	85,57,98,34	57,98
5,64,27,59,80,80	85,80,34	80
5,64,27,59,70,79,80	85,70,79,34	70,79
5,64,27,59,95,26,13,80	85,95,26,13,34	95,26,13
5,64,27,59,68,9,80	85,68,9,34	68,9
5,64,27,59,95,80	85,95,34	95
5,64,27,59,89,44,80	85,89,44,34	89,44
5,64,27,59,46,53,80	85,46,53,34	46,53
5,64,27,59,56,49,38,80,80	85,56,49,38,80,34	56,49,38,80
5,64,27,59,52,31,15,80	85,52,31,15,34	52,31,15
5,64,27,59,46,23,80	85,46,23,34	46,23
5,64,27,59,74,80	85,74,34	74
5,64,27,59,70,33,62,80	85,70,33,62,34	70,33,62
5,64,27,59,14,49,57,80	85,14,49,57,34	14,49,57
5,64,27,59,75,45,6,80	85,75,45,6,34	75,45,6
5,64,27,59,39,13,80	85,39,13,34	39,13
5,64,27,59,76,80	85,76,34	76
5,64,27,59,64,85,54,80	85,64,85,54,34	64,85,54
5,64,27,59,29,60,66,64,80	85,29,60,66,64,34	29,60,66,64
5,64,27,59,17,41,49,80	85,17,41,49,34	17,41,49
5,64,27,59,27,80,80	85,27,80,34	27,80
5,64,27,59,67,97,86,80	85,67,97,86,34	67,97,86
5,64,27,59,42,80	85,42,34	42
5,64,27,59,43,80	85,43,34	43
5,64,27,59,4,80	85,4,34	4
5,64,27,59,82,22,80	85,82,22,34	82,22
5,64,27,59,85,65,80	85,85,65,34	85,65
5,64,27,59,50,3,15,4,80	85,50,3,15,4,34	50,3,15,4
5,64,27,59,27,49,80	85,27,49,34	27,49
5,64,27,59,76,6,48,80	85,76,6,48,34	76,6,48
5,64,27,59,84,29,95,80	85,84,29,95,34	84,29,95
5,64,27,59,83,63,55,40,80	85,83,63,55,40,34	83,63,55,40
5,64,27,59,51,28,80	85,51,28,34	51,28
5,64,27,59,70,76,80	85,70,76,34	70,76
5,64,27,59,25,53,80	85,25,53,34	25,53
5,64,27,59,79,46,80	85,79,46,34	79,46
5,64,27,59,69,83,80	85,69,83,34	69,83
5,64,27,59,62,49,80	85,62,49,34	62,49
5,64,27,59,26,80	85,26,34	26
5,64,27,59,34,19,80	85,34,19,34	34,19
5,64,27,59,21,80	85,21,34	21
5,64,27,59,50,46,30,80	85,50,46,30,34	50,46,30
5,64,27,59,66,9,62,80	85,66,9,62,34	66,9,62
5,64,27,59,17,10,80	85,17,10,34	17,10
5,64,27,59,63,56,24,80	85,63,56,24,34	63,56,24
5,64,27,59,41,80	85,41,34	41
5,64,27,59,13,74,11,22,80	85,13,74,11,22,34	13,74,11,22
5,64,27,59,19,66,29,80	85,19,66,29,34	19,66,29
5,64,27,59,80,52,80	85,80,52,34	80,52
5,64,27,59,47,50,84,19,80	85,47,50,84,19,34	47,50,84,19
5,64,27,59,3,20,45,74,80	85,3,20,45,74,34	3,20,45,74
5,64,27,59,44,76,8,84,80	85,44,76,8,84,34	44,76,8,84
5,64,27,59,3,91,69,84,80	85,3,91,69,84,34	3,91,69,84
5,64,27,59,46,24,47,80	85,46,24,47,34	46,24,47
5,64,27,59,77,28,62,50,80	85,77,28,62,50,34	77,28,62,50
5,64,27,59,69,57,80	85,69,57,34	69,57
5,64,27,59,43,60,23,38,80	85,43,60,23,38,34	43,60,23,38
5,64,27,59,15,80	85,15,34	15
5,64,27,59,18,62,71,5,80	85,18,62,71,5,34	18,62,71,5
5,64,27,59,62,24,26,80	85,62,24,26,34	62,24,26
5,64,27,59,90,19,22,80	85,90,19,22,34	90,19,22
5,64,27,59,9,43,86,80	85,9,43,86,34	9,43,86
5,64,27,59,23,80	85,23,34	23
5,64,27,59,26,60,85,80	85,26,60,85,34	26,60,85
5,64,27,59,90,26,11,80	85,90,26,11,34	90,26,11
5,64,27,59,85,80,59,68,80	85,85,80,59,68,34	85,80,59,68
5,64,27,59,27,18,80	85,27,18,34	27,18
5,64,27,59,56,72,76,80	85,56,72,76,34	56,72,76
5,64,27,59,51,18,80	85,51,18,34	51,18
5,64,27,59,35,80	85,35,34	35
5,64,27,59,40,80	85,40,34	40
5,64,27,59,99,58,80	85,99,58,34	99,58
5,64,27,59,65,75,54,3,80	85,65,75,54,3,34	65,75,54,3
5,64,27,59,55,80	85,55,34	55
5,64,27,59,26,5,80	85,26,5,34	26,5
5,64,27,59,49,80	85,49,34	49
5,64,27,59,35,4,21,80	85,35,4,21,34	35,4,21
5,64,27,59,76,25,80	85,76,25,34	76,25
5,64,27,59,55,47,90,88,80	85,55,47,90,88,34	55,47,90,88
5,64,27,59,97,35,89,80	85,97,35,89,34	97,35,89
5,64,27,59,30,80	85,30,34	30
5,64,27,59,24,19,63,80	85,24,19,63,34	24,19,63
5,64,27,59,66,80	85,66,34	66
5,64,27,59,31,80	85,31,34	31
5,64,27,59,56,43,80	85,56,43,34	56,43
5,64,27,59,75,48,5,80	85,75,48,5,34	75,48,5
5,64,27,59,87,80	85,87,34	87
5,64,27,59,26,80	85,26,34	26
5,64,27,59,29,10,56,80	85,29,10,56,34	29,10,56
5,64,27,59,94,23,67,80	85,94,23,67,34	94,23,67
5,64,27,59,61,71,80	85,61,71,34	61,71
5,64,27,59,55,49,80	85,55,49,34	55,49
5,64,27,59,30,86,51,80	85,30,86,51,34	30,86,51
5,64,27,59,41,23,62,89,80	85,41,23,62,89,34	41,23,62,89
5,64,27,59,85,80	85,85,34	85
5,64,27,59,30,80	85,30,34	30
5,64,27,59,10,48,80	85,10,48,34	10,48
5,64,27,59,27,9,60,35,80	85,27,9,60,35,34	27,9,60,35
5,64,27,59,35,61,80	85,35,61,34	35,61
5,64,27,59,40,12,37,80	85,40,12,37,34	40,12,37
5,64,27,59,60,39,24,3,80	85,60,39,24,3,34	60,39,24,3
5,64,27,59,60,97,55,80	85,60,97,55,34	60,97,55
5,64,27,59,67,80	85,67,34	67
5,64,27,59,28,80	85,28,34	28
5,64,27,59,57,65,80	85,57,65,34	57,65
5,64,27,59,56,60,16,80	85,56,60,16,34	56,60,16
5,64,27,59,96,43,62,94,80	85,96,43,62,94,34	96,43,62,94
5,64,27,59,51,11,3,80	85,51,11,3,34	51,11,3
5,64,27,59,70,80	85,70,34	70
5,64,27,59,85,93,95,45,80	85,85,93,95,45,34	85,93,95,45
5,64,27,59,12,24,15,80	85,12,24,15,34	12,24,15
5,64,27,59,13,12,7,80	85,13,12,7,34	13,12,7
5,64,27,59,73,11,37,80	85,73,11,37,34	73,11,37
5,64,27,59,69,62,81,67,80	85,69,62,81,67,34	69,62,81,67
5,64,27,59,93,80	85,93,34	93
5,64,27,59,88,50,80	85,88,50,34	88,50
5,64,27,59,72,80	85,72,34	72
5,64,27,59,62,87,54,80	85,62,87,54,34	62,87,54
5,64,27,59,65,79,15,81,80	85,65,79,15,81,34	65,79,15,81
5,64,27,59,47,87,80	85,47,87,34	47,87
5,64,27,59,28,80	85,28,34	28
5,64,27,59,53,66,12,20,80	85,53,66,12,20,34	53,66,12,20
5,64,27,59,62,16,77,78,80	85,62,16,77,78,34	62,16,77,78
5,64,27,59,28,9,88,80	85,28,9,88,34	28,9,88
5,64,27,59,82,80	85,82,34	82
5,64,27,59,99,96,9,20,80	85,99,96,9,20,34	99,96,9,20
5,64,27,59,49,87,46,78,80	85,49,87,46,78,34	49,87,46,78
5,64,27,59,91,80	85,91,34	91
5,64,27,59,10,28,80	85,10,28,34	10,28
5,64,27,59,40,80	85,40,34	40
5,64,27,59,35,80	85,35,34	35
5,64,27,59,47,20,80	85,47,20,34	47,20
5,64,27,59,39,42,61,80	85,39,42,61,34	39,42,61
5,64,27,59,80,80	85,80,34	80
5,64,27,59,4,15,80	85,4,15,34	4,15
5,64,27,59,19,80	85,19,34	19
5,64,27,59,60,80	85,60,34	60
5,64,27,59,79,80	85,79,34	79
5,64,27,59,85,80	85,85,34	85
5,64,27,59,90,80	85,90,34	90
5,64,27,59,30,23,97,25,80	85,30,23,97,25,34	30,23,97,25
5,64,27,59,97,80	85,97,34	97
5,64,27,59,12,12,80	85,12,12,34	12,12
5,64,27,59,76,80	85,76,34	76
5,64,27,59,48,53,53,80	85,48,53,53,34	48,53,53
5,64,27,59,21,58,82,80	85,21,58,82,34	21,58,82
5,64,27,59,79,65,37,88,80	85,79,65,37,88,34	79,65,37,88
5,64,27,59,86,24,79,80	85,86,24,79,34	86,24,79
5,64,27,59,73,80	85,73,34	73
5,64,27,59,53,80	85,53,34	53
5,64,27,59,97,51,80	85,97,51,34	97,51
5,64,27,59,84,9,80	85,84,9,34	84,9
5,64,27,59,59,80	85,59,34	59
5,64,27,59,18,89,78,34,80	85,18,89,78,34,34	18,89,78,34
5,64,27,59,52,35,93,80	85,52,35,93,34	52,35,93
5,64,27,59,60,80	85,60,34	60
5,64,27,59,20,4,21,93,80	85,20,4,21,93,34	20,4,21,93
5,64,27,59,42,88,61,80	85,42,88,61,34	42,88,61
5,64,27,59,72,80	85,72,34	72
5,64,27,59,66,53,49,80	85,66,53,49,34	66,53,49
5,64,27,59,22,70,68,80	85,22,70,68,34	22,70,68
5,64,27,59,19,54,37,80	85,19,54,37,34	19,54,37
5,64,27,59,67,85,71,80	85,67,85,71,34	67,85,71
5,64,27,59,42,80	85,42,34	42
5,64,27,59,65,97,80	85,65,97,34	65,97
5,64,27,59,87,67,80	85,87,67,34	87,67
5,64,27,59,55,80	85,55,34	55
5,64,27,59,55,70,80	85,55,70,34	55,70
5,64,27,59,54,80	85,54,34	54
5,64,27,59,7,80	85,7,34	7
5,64,27,59,97,68,80	85,97,68,34	97,68
5,64,27,59,85,68,80	85,85,68,34	85,68
5,64,27,59,38,93,9,80	85,38,93,9,34	38,93,9
5,64,27,59,3,46,80	85,3,46,34	3,46
5,64,27,59,88,39,80	85,88,39,34	88,39
5,64,27,59,25,5,83,30,80	85,25,5,83,30,34	25,5,83,30
5,64,27,59,17,36,41,18,80	85,17,36,41,18,34	17,36,41,18
5,64,27,59,13,80	85,13,34	13
5,64,27,59,48,80	85,48,34	48
5,64,27,59,48,64,20,93,80	85,48,64,20,93,34	48,64,20,93
5,64,27,59,10,72,80,33,80	85,10,72,80,33,34	10,72,80,33
5,64,27,59,16,80	85,16,34	16
5,64,27,59,96,80	85,96,34	96
5,64,27,59,85,69,83,14,80	85,85,69,83,14,34	85,69,83,14
5,64,27,59,73,78,87,80	85,73,78,87,34	73,78,87
5,64,27,59,57,54,4,42,80	85,57,54,4,42,34	57,54,4,42
5,64,27,59,54,73,74,80	85,54,73,74,34	54,73,74
5,64,27,59,47,91,9,80	85,47,91,9,34	47,91,9
5,64,27,59,7,80	85,7,34	7
5,64,27,59,92,80	85,92,34	92
5,64,27,59,66,87,80	85,66,87,34	66,87
5,64,27,59,12,17,60,65,80	85,12,17,60,65,34	12,17,60,65
5,64,27,59,67,4,8,80	85,67,4,8,34	67,4,8
5,64,27,59,48,20,79,75,80	85,48,20,79,75,34	48,20,79,75
5,64,27,59,46,33,36,85,80	85,46,33,36,85,34	46,33,36,85
5,64,27,59,77,88,80	85,77,88,34	77,88
5,64,27,59,44,80	85,44,34	44
5,64,27,59,14,37,64,80	85,14,37,64,34	14,37,64
5,64,27,59,52,80	85,52,34	52
5,64,27,59,67,95,18,80	85,67,95,18,34	67,95,18
5,64,27,59,97,54,80	85,97,54,34	97,54
5,64,27,59,34,80	85,34,34	34
5,64,27,59,86,99,29,80	85,86,99,29,34	86,99,29
5,64,27,59,4,80	85,4,34	4
5,64,27,59,66,35,41,51,80	85,66,35,41,51,34	66,35,41,51
5,64,27,59,97,80	85,97,34	97
5,64,27,59,44,80	85,44,34	44
5,64,27,59,44,41,80	85,44,41,34	44,41
5,64,27,59,63,70,80	85,63,70,34	63,70
5,64,27,59,23,19,94,80	85,23,19,94,34	23,19,94
5,64,27,59,48,26,80	85,48,26,34	48,26
5,64,27,59,35,80	85,35,34	35
5,64,27,59,76,84,80	85,76,84,34	76,84
5,64,27,59,12,63,88,80	85,12,63,88,34	12,63,88
5,64,27,59,16,80	85,16,34	16
5,64,27,59,13,52,65,5,80	85,13,52,65,5,34	13,52,65,5
5,64,27,59,61,27,80	85,61,27,34	61,27
5,64,27,59,34,73,77,61,80	85,34,73,77,61,34	34,73,77,61
5,64,27,59,69,3,80	85,69,3,34	69,3
5,64,27,59,75,81,20,58,80	85,75,81,20,58,34	75,81,20,58
5,64,27,59,87,62,56,62,80	85,87,62,56,62,34	87,62,56,62
5,64,27,59,27,75,21,80,80	85,27,75,21,80,34	27,75,21,80
5,64,27,59,78,78,80	85,78,78,34	78,78
5,64,27,59,37,47,36,80	85,37,47,36,34	37,47,36
5,64,27,59,90,80	85,90,34	90
5,64,27,59,51,80,48,8,80	85,51,80,48,8,34	51,80,48,8
5,64,27,59,99,26,24,37,80	85,99,26,24,37,34	99,26,24,37
5,64,27,59,57,80	85,57,34	57
5,64,27,59,13,39,80	85,13,39,34	13,39
5,64,27,59,86,86,80	85,86,86,34	86,86
5,64,27,59,65,62,89,46,80	85,65,62,89,46,34	65,62,89,46
5,64,27,59,92,80	85,92,34	92
5,64,27,59,54,28,7,77,80	85,54,28,7,77,34	54,28,7,77
5,64,27,59,86,57,80	85,86,57,34	86,57
5,64,27,59,54,64,17,80	85,54,64,17,34	54,64,17
5,64,27,59,52,32,80	85,52,32,34	52,32
5,64,27,59,36,88,76,62,80	85,36,88,76,62,34	36,88,76,62
5,64,27,59,31,56,90,14,80	85,31,56,90,14,34	31,56,90,14
5,64,27,59,14,57,80	85,14,57,34	14,57
5,64,27,59,52,24,69,80	85,52,24,69,34	52,24,69
5,64,27,59,34,66,6,99,80	85,34,66,6,99,34	34,66,6,99
5,64,27,59,5,76,15,28,80	85,5,76,15,28,34	5,76,15,28
5,64,27,59,45,94,80	85,45,94,34	45,94
5,64,27,59,8,91,71,24,80	85,8,91,71,24,34	8,91,71,24
5,64,27,59,91,70,27,46,80	85,91,70,27,46,34	91,70,27,46
5,64,27,59,24,67,80	85,24,67,34	24,67
5,64,27,59,26,80	85,26,34	26
5,64,27,59,13,92,79,80	85,13,92,79,34	13,92,79
5,64,27,59,59,38,26,80	85,59,38,26,34	59,38,26